7307181087564893448
7308395723727408391
7309133015576268033
7313138182718016770
7313205714200071442
7313864443170000129
7313884922828164353
7314968733531901191
7315022226309352705
7315421672771702024
7317120189789670663
7317124998714477826
7319124573046312194
7319504418947271954
7321656912892660994
7324291698383703303
7324540392949484818
7329091466335178002
7330051069000699154
7330185685954989319
7331216271893073154
7332446113649167637
7334710515425381650
7336539884737301762
7337658088981384469
7339391640513088786
7339480804365569288
7340922701042765063
7341987766948973826
7342162164062506247
7342358751527177474
7342834710113996050
7342876859870268690
7343100946316135681
7344917932851383570
7345810444247911687
7346823820470127879
7346920812160617746
7346961889445940487
7347303306076638482
7347727651332754695
7349159504249916679
7349403902405643521
7352081087822105863
7352175847509380368
7352706704812870920
7353491984578809104
7354207382840380689
7355341193309359361
7355787038760783112
7356464060239547649
7356811258466667784
7356979327256546567
7357187587087387911
7357315697522887943
7357677759969234183
7357689464858168583
7359425446695472391
7360550546320755969
7360706093997100305
7361030332851686663
7361065561138171143
7362387013758176528
7362753278767009025
7362812129004506375
7363214378683976978
7366283544911727880
7366592772909894920
7368092281607408916
7368799352657071367
7369087704706845970
7369164549099965714
7369245115652590866
7372105218311425287
7373894707916573959
7373895534135823632
7374996748391025938
7375524241011182864
7376288959883758855
7376853529207622930
7377032337630022919
7378796953766743304
7378828492139400456
7379204959054597384
7382199247048920338
7382567199560551697
7384826175492721937
7387047306383674645
7388861929562836231
7389503558548213009
7389641662575791380
7390332715188407560
7391900613623401736
7392110894588742920
7392173599135665425
7393980805959208210
7394818625825279239
7394860074348383496
7395158989459311890
7396314121181875464
7398525875177786642
7399268542962552081
7401059538834656520
7403721702280006929
7404132561032580360
7404917110205418760
7405504882905533704
7405551953889004818
7405775567435468040
7406275935831330056
7406315736777411847
7408177993069186312
7409317101925584146
7411165674422226192
7411458376489585938
7411879305887730960
7413180100264414472
7415446267989347591
7415819460763831570
7415968722625580306
7417308075662511378
7417828721769368840
7418397636421504263
7418925554650320135
7418965598949936402
7420731870083550472
7421185110101216530
7421765624541564180
7422152482303872263
7422279975220399378
7422511713980828946
7423237661642591495
7423408512933350664
7423605393605053704
7425110881031163154
7426223994627525889
7428184271812119826
7431176360611122439
7431900663111585031
7432161402372033809
7432626714930449672
7432900508852980993
7437729672651214087
7438094957115739399
7440422369455262984
7440691082712714503
7443051124984253703
7444583502269418760
7444906036382731528
7444913250690452743
7445666945979993351
7445890502383111431
7445977124403498248
7447107608734862600
7449589460678839570
7450479665413770503
7451446314325298439
7451584155214728449
7451830157666454802
7455187352441457938
7456330380098964743
7457766268498676999
7461603233639992584
7463095079159270664
7463796413378415889
7464831392392826133
7465287658550791442
7470494794590997767
7471548025631165714
7472268329965636882
7477129343886494983
7478325624688463124
7478912821477018900
7480077280950209810
7480500648081919239
7307971671414164743
7310922101316242695
7310933483927375111
7314662334121790722
7316487523872656658
7320835826097655041
7322072706998914312
7325805421325815047
7333628092121894152
7339874455075785991
7345693737609170183
7346917017733172487
7347291125562035457
7347547821605801234
7348770062393756935
7359212290891123986
7364597648126528775
7369906759860980998
7370647754235759873
7371763981674908934
7381331368627719425
7382211270017158418
7382913132567612689
7384433811246927112
7389476742194351380
7391094020522478881
7396298132285410577
7398026563486289159
7398039532605656325
7398559272415530241
7404846479690566930
7406644503412509960
7407806659520630034
7409605285238656289
7410717637518314784
7424153956684696852
7429192725309787393
7431131346157849863
7439350633980841224
7451212460033379602
7452278605339495688
7453844318135127314
7461118932275989777
7461959982020381959
7469790157047205138
7474461317957520658
7477941663642668296
